(kicad_pcb (version 20171130) (host pcbnew "(5.1.6)-1")

  (general
    (thickness 1.6)
    (drawings 46)
    (tracks 490)
    (zones 0)
    (modules 51)
    (nets 61)
  )

  (page USLetter)
  (title_block
    (title "EncoderBoard Schematic")
    (rev v1.0)
    (company "Developed by Paul Max Avalos Aguilar")
  )

  (layers
    (0 F.Cu signal)
    (31 B.Cu signal)
    (32 B.Adhes user)
    (33 F.Adhes user)
    (34 B.Paste user)
    (35 F.Paste user)
    (36 B.SilkS user)
    (37 F.SilkS user)
    (38 B.Mask user)
    (39 F.Mask user)
    (40 Dwgs.User user)
    (41 Cmts.User user)
    (42 Eco1.User user)
    (43 Eco2.User user)
    (44 Edge.Cuts user)
    (45 Margin user)
    (46 B.CrtYd user)
    (47 F.CrtYd user)
    (48 B.Fab user hide)
    (49 F.Fab user hide)
  )

  (setup
    (last_trace_width 0.254)
    (user_trace_width 0.127)
    (user_trace_width 0.254)
    (user_trace_width 0.635)
    (user_trace_width 1.27)
    (user_trace_width 2.54)
    (trace_clearance 0.127)
    (zone_clearance 0.508)
    (zone_45_only no)
    (trace_min 0.127)
    (via_size 0.45)
    (via_drill 0.2)
    (via_min_size 0.45)
    (via_min_drill 0.2)
    (user_via 1.27 0.635)
    (uvia_size 0.45)
    (uvia_drill 0.1)
    (uvias_allowed no)
    (uvia_min_size 0.2)
    (uvia_min_drill 0.1)
    (edge_width 0.15)
    (segment_width 0.2)
    (pcb_text_width 0.3)
    (pcb_text_size 1.5 1.5)
    (mod_edge_width 0.15)
    (mod_text_size 1 1)
    (mod_text_width 0.15)
    (pad_size 6.4 6.4)
    (pad_drill 3.2)
    (pad_to_mask_clearance 0.051)
    (solder_mask_min_width 0.25)
    (aux_axis_origin 0 0)
    (grid_origin 126.873 68.7578)
    (visible_elements 7FFFFFFF)
    (pcbplotparams
      (layerselection 0x010f0_ffffffff)
      (usegerberextensions false)
      (usegerberattributes false)
      (usegerberadvancedattributes false)
      (creategerberjobfile false)
      (excludeedgelayer true)
      (linewidth 0.100000)
      (plotframeref false)
      (viasonmask false)
      (mode 1)
      (useauxorigin false)
      (hpglpennumber 1)
      (hpglpenspeed 20)
      (hpglpendiameter 15.000000)
      (psnegative false)
      (psa4output false)
      (plotreference true)
      (plotvalue true)
      (plotinvisibletext false)
      (padsonsilk false)
      (subtractmaskfromsilk false)
      (outputformat 1)
      (mirror false)
      (drillshape 0)
      (scaleselection 1)
      (outputdirectory "Gerbers/"))
  )

  (net 0 "")
  (net 1 GND)
  (net 2 +3V3)
  (net 3 /SWCLK)
  (net 4 /SWDIO)
  (net 5 "Net-(D1-Pad1)")
  (net 6 /EncEnable)
  (net 7 Batt-)
  (net 8 Batt+)
  (net 9 /I2C2SCL)
  (net 10 /I2C2SDA)
  (net 11 /BLERX)
  (net 12 /BLETX)
  (net 13 VCC)
  (net 14 "Net-(U1-Pad22)")
  (net 15 "Net-(U5-Pad4)")
  (net 16 "Net-(U5-Pad3)")
  (net 17 "Net-(U5-Pad1)")
  (net 18 "Net-(U7-Pad6)")
  (net 19 "Net-(U7-Pad7)")
  (net 20 "Net-(U1-Pad29)")
  (net 21 "Net-(U1-Pad20)")
  (net 22 "/E-(b)")
  (net 23 "/E+(a)")
  (net 24 "/D+(b)")
  (net 25 "/E-(a)")
  (net 26 "/D+(a)")
  (net 27 "Net-(U1-Pad6)")
  (net 28 "Net-(U1-Pad5)")
  (net 29 "Net-(R12-Pad2)")
  (net 30 "Net-(C3-Pad2)")
  (net 31 "Net-(P1-PadA6)")
  (net 32 "Net-(P1-PadB7)")
  (net 33 "Net-(P1-PadA5)")
  (net 34 "Net-(P1-PadB8)")
  (net 35 "Net-(P1-PadA7)")
  (net 36 "Net-(P1-PadB6)")
  (net 37 "Net-(P1-PadA8)")
  (net 38 "Net-(P1-PadB5)")
  (net 39 "Net-(R14-Pad1)")
  (net 40 "Net-(U4-Pad6)")
  (net 41 "Net-(U4-Pad4)")
  (net 42 "Net-(U4-Pad3)")
  (net 43 "Net-(U4-Pad1)")
  (net 44 "Net-(U6-Pad5)")
  (net 45 "Net-(U6-Pad2)")
  (net 46 /Sens_SPINSS)
  (net 47 /Sens_SPISCK)
  (net 48 /Sens_SPIMISO)
  (net 49 /Sens_SPIMOSI)
  (net 50 /LPTIM1_IN2)
  (net 51 /LPTIM1_IN1)
  (net 52 "Net-(C5-Pad2)")
  (net 53 "Net-(C8-Pad1)")
  (net 54 "Net-(C12-Pad2)")
  (net 55 "Net-(C13-Pad2)")
  (net 56 "Net-(C13-Pad1)")
  (net 57 "Net-(C14-Pad1)")
  (net 58 "Net-(R7-Pad1)")
  (net 59 "Net-(R8-Pad2)")
  (net 60 "Net-(R16-Pad1)")

  (net_class Default "Esta es la clase de red por defecto."
    (clearance 0.127)
    (trace_width 0.127)
    (via_dia 0.45)
    (via_drill 0.2)
    (uvia_dia 0.45)
    (uvia_drill 0.1)
    (diff_pair_width 0.254)
    (diff_pair_gap 0.254)
    (add_net +3V3)
    (add_net /BLERX)
    (add_net /BLETX)
    (add_net "/D+(a)")
    (add_net "/D+(b)")
    (add_net "/E+(a)")
    (add_net "/E-(a)")
    (add_net "/E-(b)")
    (add_net /EncEnable)
    (add_net /I2C2SCL)
    (add_net /I2C2SDA)
    (add_net /LPTIM1_IN1)
    (add_net /LPTIM1_IN2)
    (add_net /SWCLK)
    (add_net /SWDIO)
    (add_net /Sens_SPIMISO)
    (add_net /Sens_SPIMOSI)
    (add_net /Sens_SPINSS)
    (add_net /Sens_SPISCK)
    (add_net Batt+)
    (add_net Batt-)
    (add_net GND)
    (add_net "Net-(C12-Pad2)")
    (add_net "Net-(C13-Pad1)")
    (add_net "Net-(C13-Pad2)")
    (add_net "Net-(C14-Pad1)")
    (add_net "Net-(C3-Pad2)")
    (add_net "Net-(C5-Pad2)")
    (add_net "Net-(C8-Pad1)")
    (add_net "Net-(D1-Pad1)")
    (add_net "Net-(P1-PadA5)")
    (add_net "Net-(P1-PadA6)")
    (add_net "Net-(P1-PadA7)")
    (add_net "Net-(P1-PadA8)")
    (add_net "Net-(P1-PadB5)")
    (add_net "Net-(P1-PadB6)")
    (add_net "Net-(P1-PadB7)")
    (add_net "Net-(P1-PadB8)")
    (add_net "Net-(R12-Pad2)")
    (add_net "Net-(R14-Pad1)")
    (add_net "Net-(R16-Pad1)")
    (add_net "Net-(R7-Pad1)")
    (add_net "Net-(R8-Pad2)")
    (add_net "Net-(U1-Pad20)")
    (add_net "Net-(U1-Pad22)")
    (add_net "Net-(U1-Pad29)")
    (add_net "Net-(U1-Pad5)")
    (add_net "Net-(U1-Pad6)")
    (add_net "Net-(U4-Pad1)")
    (add_net "Net-(U4-Pad3)")
    (add_net "Net-(U4-Pad4)")
    (add_net "Net-(U4-Pad6)")
    (add_net "Net-(U5-Pad1)")
    (add_net "Net-(U5-Pad3)")
    (add_net "Net-(U5-Pad4)")
    (add_net "Net-(U6-Pad2)")
    (add_net "Net-(U6-Pad5)")
    (add_net "Net-(U7-Pad6)")
    (add_net "Net-(U7-Pad7)")
    (add_net VCC)
  )

  (module Encoder:JST_EH_B4B-EH-A_1x04_P2.50mm_Vertical (layer F.Cu) (tedit 5C28142C) (tstamp 61E281B2)
    (at 129.6035 116.7003 180)
    (descr "JST EH series connector, B4B-EH-A (http://www.jst-mfg.com/product/pdf/eng/eEH.pdf), generated with kicad-footprint-generator")
    (tags "connector JST EH vertical")
    (path /5FF6974D)
    (fp_text reference J3 (at 11.6205 0.0635) (layer F.SilkS)
      (effects (font (size 0.8128 0.6096) (thickness 0.1524)))
    )
    (fp_text value Conn_01x04_Male (at 3.75 3.4) (layer F.Fab)
      (effects (font (size 1 1) (thickness 0.15)))
    )
    (fp_line (start -2.5 -1.6) (end -2.5 2.2) (layer F.Fab) (width 0.1))
    (fp_line (start -2.5 2.2) (end 10 2.2) (layer F.Fab) (width 0.1))
    (fp_line (start 10 2.2) (end 10 -1.6) (layer F.Fab) (width 0.1))
    (fp_line (start 10 -1.6) (end -2.5 -1.6) (layer F.Fab) (width 0.1))
    (fp_line (start -3 -2.1) (end -3 2.7) (layer F.CrtYd) (width 0.05))
    (fp_line (start -3 2.7) (end 10.5 2.7) (layer F.CrtYd) (width 0.05))
    (fp_line (start 10.5 2.7) (end 10.5 -2.1) (layer F.CrtYd) (width 0.05))
    (fp_line (start 10.5 -2.1) (end -3 -2.1) (layer F.CrtYd) (width 0.05))
    (fp_line (start -2.61 -1.71) (end -2.61 2.31) (layer F.SilkS) (width 0.12))
    (fp_line (start -2.61 2.31) (end 10.11 2.31) (layer F.SilkS) (width 0.12))
    (fp_line (start 10.11 2.31) (end 10.11 -1.71) (layer F.SilkS) (width 0.12))
    (fp_line (start 10.11 -1.71) (end -2.61 -1.71) (layer F.SilkS) (width 0.12))
    (fp_line (start -2.61 0) (end -2.11 0) (layer F.SilkS) (width 0.12))
    (fp_line (start -2.11 0) (end -2.11 -1.21) (layer F.SilkS) (width 0.12))
    (fp_line (start -2.11 -1.21) (end 9.61 -1.21) (layer F.SilkS) (width 0.12))
    (fp_line (start 9.61 -1.21) (end 9.61 0) (layer F.SilkS) (width 0.12))
    (fp_line (start 9.61 0) (end 10.11 0) (layer F.SilkS) (width 0.12))
    (fp_line (start -2.61 0.81) (end -1.61 0.81) (layer F.SilkS) (width 0.12))
    (fp_line (start -1.61 0.81) (end -1.61 2.31) (layer F.SilkS) (width 0.12))
    (fp_line (start 10.11 0.81) (end 9.11 0.81) (layer F.SilkS) (width 0.12))
    (fp_line (start 9.11 0.81) (end 9.11 2.31) (layer F.SilkS) (width 0.12))
    (fp_line (start -2.91 0.11) (end -2.91 2.61) (layer F.SilkS) (width 0.12))
    (fp_line (start -2.91 2.61) (end -0.41 2.61) (layer F.SilkS) (width 0.12))
    (fp_line (start -2.91 0.11) (end -2.91 2.61) (layer F.Fab) (width 0.1))
    (fp_line (start -2.91 2.61) (end -0.41 2.61) (layer F.Fab) (width 0.1))
    (fp_text user %R (at 3.75 1.5) (layer F.Fab)
      (effects (font (size 1 1) (thickness 0.15)))
    )
    (pad 1 thru_hole roundrect (at 0 0 180) (size 1.7 1.95) (drill 0.95) (layers *.Cu *.Mask) (roundrect_rratio 0.147059)
      (net 9 /I2C2SCL))
    (pad 2 thru_hole oval (at 2.5 0 180) (size 1.7 1.95) (drill 0.95) (layers *.Cu *.Mask)
      (net 10 /I2C2SDA))
    (pad 3 thru_hole oval (at 5 0 180) (size 1.7 1.95) (drill 0.95) (layers *.Cu *.Mask)
      (net 1 GND))
    (pad 4 thru_hole oval (at 7.5 0 180) (size 1.7 1.95) (drill 0.95) (layers *.Cu *.Mask)
      (net 2 +3V3))
    (model ${KISYS3DMOD}/Connector_JST.3dshapes/JST_EH_B4B-EH-A_1x04_P2.50mm_Vertical.wrl
      (at (xyz 0 0 0))
      (scale (xyz 1 1 1))
      (rotate (xyz 0 0 0))
    )
  )

  (module Encoder:R_0603_1608Metric_Pad1.05x0.95mm_HandSolder (layer F.Cu) (tedit 5F04D2AE) (tstamp 61E28CED)
    (at 139.573 86.69528 90)
    (descr "Resistor SMD 0603 (1608 Metric), square (rectangular) end terminal, IPC_7351 nominal with elongated pad for handsoldering. (Body size source: http://www.tortai-tech.com/upload/download/2011102023233369053.pdf), generated with kicad-footprint-generator")
    (tags "resistor handsolder")
    (path /5C285A71)
    (attr smd)
    (fp_text reference R2 (at 2.1082 0.0127 270) (layer F.SilkS)
      (effects (font (size 0.8128 0.6096) (thickness 0.1524)))
    )
    (fp_text value 560 (at 0 1.43 270) (layer F.Fab)
      (effects (font (size 1 1) (thickness 0.15)))
    )
    (fp_line (start -0.8 0.4) (end -0.8 -0.4) (layer F.Fab) (width 0.1))
    (fp_line (start -0.8 -0.4) (end 0.8 -0.4) (layer F.Fab) (width 0.1))
    (fp_line (start 0.8 -0.4) (end 0.8 0.4) (layer F.Fab) (width 0.1))
    (fp_line (start 0.8 0.4) (end -0.8 0.4) (layer F.Fab) (width 0.1))
    (fp_line (start -0.171267 -0.51) (end 0.171267 -0.51) (layer F.SilkS) (width 0.12))
    (fp_line (start -0.171267 0.51) (end 0.171267 0.51) (layer F.SilkS) (width 0.12))
    (fp_line (start -1.65 0.73) (end -1.65 -0.73) (layer F.CrtYd) (width 0.05))
    (fp_line (start -1.65 -0.73) (end 1.65 -0.73) (layer F.CrtYd) (width 0.05))
    (fp_line (start 1.65 -0.73) (end 1.65 0.73) (layer F.CrtYd) (width 0.05))
    (fp_line (start 1.65 0.73) (end -1.65 0.73) (layer F.CrtYd) (width 0.05))
    (fp_text user %R (at 0 0 270) (layer F.Fab)
      (effects (font (size 0.4 0.4) (thickness 0.06)))
    )
    (pad 1 smd roundrect (at -0.875 0 90) (size 1.05 0.95) (layers F.Cu F.Paste F.Mask) (roundrect_rratio 0.25)
      (net 25 "/E-(a)"))
    (pad 2 smd roundrect (at 0.875 0 90) (size 1.05 0.95) (layers F.Cu F.Paste F.Mask) (roundrect_rratio 0.25)
      (net 1 GND))
    (model "${KIPRJMOD}/../FootPrints/3DModels/ResistanceSMD/User Library-D0603.step"
      (at (xyz 0 0 0))
      (scale (xyz 1 1 1))
      (rotate (xyz -90 0 0))
    )
  )

  (module Encoder:R_0603_1608Metric_Pad1.05x0.95mm_HandSolder (layer F.Cu) (tedit 5F04D2AE) (tstamp 61E39E9E)
    (at 136.1948 110.29696 270)
    (descr "Resistor SMD 0603 (1608 Metric), square (rectangular) end terminal, IPC_7351 nominal with elongated pad for handsoldering. (Body size source: http://www.tortai-tech.com/upload/download/2011102023233369053.pdf), generated with kicad-footprint-generator")
    (tags "resistor handsolder")
    (path /5C285A10)
    (attr smd)
    (fp_text reference R6 (at -0.0635 1.016 90) (layer F.SilkS)
      (effects (font (size 0.8128 0.6096) (thickness 0.1524)))
    )
    (fp_text value 560 (at 0 1.43 90) (layer F.Fab)
      (effects (font (size 1 1) (thickness 0.15)))
    )
    (fp_line (start 1.65 0.73) (end -1.65 0.73) (layer F.CrtYd) (width 0.05))
    (fp_line (start 1.65 -0.73) (end 1.65 0.73) (layer F.CrtYd) (width 0.05))
    (fp_line (start -1.65 -0.73) (end 1.65 -0.73) (layer F.CrtYd) (width 0.05))
    (fp_line (start -1.65 0.73) (end -1.65 -0.73) (layer F.CrtYd) (width 0.05))
    (fp_line (start -0.171267 0.51) (end 0.171267 0.51) (layer F.SilkS) (width 0.12))
    (fp_line (start -0.171267 -0.51) (end 0.171267 -0.51) (layer F.SilkS) (width 0.12))
    (fp_line (start 0.8 0.4) (end -0.8 0.4) (layer F.Fab) (width 0.1))
    (fp_line (start 0.8 -0.4) (end 0.8 0.4) (layer F.Fab) (width 0.1))
    (fp_line (start -0.8 -0.4) (end 0.8 -0.4) (layer F.Fab) (width 0.1))
    (fp_line (start -0.8 0.4) (end -0.8 -0.4) (layer F.Fab) (width 0.1))
    (fp_text user %R (at 0 0 90) (layer F.Fab)
      (effects (font (size 0.4 0.4) (thickness 0.06)))
    )
    (pad 2 smd roundrect (at 0.875 0 270) (size 1.05 0.95) (layers F.Cu F.Paste F.Mask) (roundrect_rratio 0.25)
      (net 1 GND))
    (pad 1 smd roundrect (at -0.875 0 270) (size 1.05 0.95) (layers F.Cu F.Paste F.Mask) (roundrect_rratio 0.25)
      (net 22 "/E-(b)"))
    (model "${KIPRJMOD}/../FootPrints/3DModels/ResistanceSMD/User Library-D0603.step"
      (at (xyz 0 0 0))
      (scale (xyz 1 1 1))
      (rotate (xyz -90 0 0))
    )
  )

  (module Encoder:Crystal_HC49-U_Vertical (layer F.Cu) (tedit 5D65DEB8) (tstamp 61E0F7F5)
    (at 126.95936 94.15272)
    (descr "Crystal THT HC-49/U http://5hertz.com/pdfs/04404_D.pdf")
    (tags "THT crystalHC-49/U")
    (path /5EFB0E14)
    (fp_text reference Y1 (at 2.286 0) (layer F.SilkS)
      (effects (font (size 1 1) (thickness 0.15)))
    )
    (fp_text value 8Mhz (at 2.44 3.525) (layer F.Fab)
      (effects (font (size 1 1) (thickness 0.15)))
    )
    (fp_line (start 8.4 -2.8) (end -3.5 -2.8) (layer F.CrtYd) (width 0.05))
    (fp_line (start 8.4 2.8) (end 8.4 -2.8) (layer F.CrtYd) (width 0.05))
    (fp_line (start -3.5 2.8) (end 8.4 2.8) (layer F.CrtYd) (width 0.05))
    (fp_line (start -3.5 -2.8) (end -3.5 2.8) (layer F.CrtYd) (width 0.05))
    (fp_line (start -0.685 2.525) (end 5.565 2.525) (layer F.SilkS) (width 0.12))
    (fp_line (start -0.685 -2.525) (end 5.565 -2.525) (layer F.SilkS) (width 0.12))
    (fp_line (start -0.56 2) (end 5.44 2) (layer F.Fab) (width 0.1))
    (fp_line (start -0.56 -2) (end 5.44 -2) (layer F.Fab) (width 0.1))
    (fp_line (start -0.685 2.325) (end 5.565 2.325) (layer F.Fab) (width 0.1))
    (fp_line (start -0.685 -2.325) (end 5.565 -2.325) (layer F.Fab) (width 0.1))
    (fp_text user %R (at 2.44 0) (layer F.Fab)
      (effects (font (size 1 1) (thickness 0.15)))
    )
    (fp_arc (start -0.685 0) (end -0.685 -2.325) (angle -180) (layer F.Fab) (width 0.1))
    (fp_arc (start 5.565 0) (end 5.565 -2.325) (angle 180) (layer F.Fab) (width 0.1))
    (fp_arc (start -0.56 0) (end -0.56 -2) (angle -180) (layer F.Fab) (width 0.1))
    (fp_arc (start 5.44 0) (end 5.44 -2) (angle 180) (layer F.Fab) (width 0.1))
    (fp_arc (start -0.685 0) (end -0.685 -2.525) (angle -180) (layer F.SilkS) (width 0.12))
    (fp_arc (start 5.565 0) (end 5.565 -2.525) (angle 180) (layer F.SilkS) (width 0.12))
    (pad 1 thru_hole circle (at 0 0) (size 1.5 1.5) (drill 0.8) (layers *.Cu *.Mask)
      (net 52 "Net-(C5-Pad2)"))
    (pad 2 thru_hole circle (at 4.88 0) (size 1.5 1.5) (drill 0.8) (layers *.Cu *.Mask)
      (net 30 "Net-(C3-Pad2)"))
    (model "${KIPRJMOD}/../FootPrints/3DModels/HC49-S Crystal/User Library-HC49S.STEP"
      (at (xyz 0 0 0))
      (scale (xyz 1 1 1))
      (rotate (xyz 0 0 0))
    )
  )

  (module Encoder:R_0603_1608Metric_Pad1.05x0.95mm_HandSolder (layer F.Cu) (tedit 6079DDA5) (tstamp 61E5EC1D)
    (at 136.20496 104.04856 90)
    (descr "Resistor SMD 0603 (1608 Metric), square (rectangular) end terminal, IPC_7351 nominal with elongated pad for handsoldering. (Body size source: http://www.tortai-tech.com/upload/download/2011102023233369053.pdf), generated with kicad-footprint-generator")
    (tags "resistor handsolder")
    (path /61E0E9A4)
    (attr smd)
    (fp_text reference R5 (at -2.11328 0 90) (layer F.SilkS)
      (effects (font (size 0.8128 0.6096) (thickness 0.1524)))
    )
    (fp_text value R (at 0 1.43 90) (layer F.Fab)
      (effects (font (size 1 1) (thickness 0.15)))
    )
    (fp_line (start 1.65 0.73) (end -1.65 0.73) (layer F.CrtYd) (width 0.05))
    (fp_line (start 1.65 -0.73) (end 1.65 0.73) (layer F.CrtYd) (width 0.05))
    (fp_line (start -1.65 -0.73) (end 1.65 -0.73) (layer F.CrtYd) (width 0.05))
    (fp_line (start -1.65 0.73) (end -1.65 -0.73) (layer F.CrtYd) (width 0.05))
    (fp_line (start -0.171267 0.51) (end 0.171267 0.51) (layer F.SilkS) (width 0.12))
    (fp_line (start -0.171267 -0.51) (end 0.171267 -0.51) (layer F.SilkS) (width 0.12))
    (fp_line (start 0.8 0.4) (end -0.8 0.4) (layer F.Fab) (width 0.1))
    (fp_line (start 0.8 -0.4) (end 0.8 0.4) (layer F.Fab) (width 0.1))
    (fp_line (start -0.8 -0.4) (end 0.8 -0.4) (layer F.Fab) (width 0.1))
    (fp_line (start -0.8 0.4) (end -0.8 -0.4) (layer F.Fab) (width 0.1))
    (fp_text user %R (at 0 0 90) (layer F.Fab)
      (effects (font (size 0.4 0.4) (thickness 0.06)))
    )
    (pad 2 smd roundrect (at 0.875 0 90) (size 1.05 0.95) (layers F.Cu F.Paste F.Mask) (roundrect_rratio 0.25)
      (net 24 "/D+(b)"))
    (pad 1 smd roundrect (at -0.875 0 90) (size 1.05 0.95) (layers F.Cu F.Paste F.Mask) (roundrect_rratio 0.25)
      (net 51 /LPTIM1_IN1))
    (model "${KIPRJMOD}/../FootPrints/3DModels/ResistanceSMD/User Library-D0603.step"
      (at (xyz 0 0 0))
      (scale (xyz 1 1 1))
      (rotate (xyz -90 0 0))
    )
  )

  (module Encoder:C_0603_1608Metric_Pad1.05x0.95mm_HandSolder (layer F.Cu) (tedit 6079DB83) (tstamp 61E5F25A)
    (at 134.66572 106.12628 90)
    (descr "Capacitor SMD 0603 (1608 Metric), square (rectangular) end terminal, IPC_7351 nominal with elongated pad for handsoldering. (Body size source: http://www.tortai-tech.com/upload/download/2011102023233369053.pdf), generated with kicad-footprint-generator")
    (tags "capacitor handsolder")
    (path /61E0F967)
    (attr smd)
    (fp_text reference C2 (at -2.39776 0.04572 90) (layer F.SilkS)
      (effects (font (size 0.8128 0.6096) (thickness 0.1524)))
    )
    (fp_text value C (at 0 1.43 90) (layer F.Fab)
      (effects (font (size 1 1) (thickness 0.15)))
    )
    (fp_line (start -0.8 0.4) (end -0.8 -0.4) (layer F.Fab) (width 0.1))
    (fp_line (start -0.8 -0.4) (end 0.8 -0.4) (layer F.Fab) (width 0.1))
    (fp_line (start 0.8 -0.4) (end 0.8 0.4) (layer F.Fab) (width 0.1))
    (fp_line (start 0.8 0.4) (end -0.8 0.4) (layer F.Fab) (width 0.1))
    (fp_line (start -0.171267 -0.51) (end 0.171267 -0.51) (layer F.SilkS) (width 0.12))
    (fp_line (start -0.171267 0.51) (end 0.171267 0.51) (layer F.SilkS) (width 0.12))
    (fp_line (start -1.65 0.73) (end -1.65 -0.73) (layer F.CrtYd) (width 0.05))
    (fp_line (start -1.65 -0.73) (end 1.65 -0.73) (layer F.CrtYd) (width 0.05))
    (fp_line (start 1.65 -0.73) (end 1.65 0.73) (layer F.CrtYd) (width 0.05))
    (fp_line (start 1.65 0.73) (end -1.65 0.73) (layer F.CrtYd) (width 0.05))
    (fp_text user %R (at 0 0 90) (layer F.Fab)
      (effects (font (size 0.4 0.4) (thickness 0.06)))
    )
    (pad 2 smd roundrect (at 0.875 0 90) (size 1.05 0.95) (layers F.Cu F.Paste F.Mask) (roundrect_rratio 0.25)
      (net 51 /LPTIM1_IN1))
    (pad 1 smd roundrect (at -0.875 0 90) (size 1.05 0.95) (layers F.Cu F.Paste F.Mask) (roundrect_rratio 0.25)
      (net 1 GND))
    (model "${KIPRJMOD}/../FootPrints/3DModels/CapacitorsSMD/Ceramic CAP0603.stp"
      (at (xyz 0 0 0))
      (scale (xyz 1 1 1))
      (rotate (xyz 0 0 0))
    )
  )

  (module Encoder:C_0603_1608Metric_Pad1.05x0.95mm_HandSolder (layer F.Cu) (tedit 6079DB83) (tstamp 61E392D8)
    (at 134.65556 102.58552 90)
    (descr "Capacitor SMD 0603 (1608 Metric), square (rectangular) end terminal, IPC_7351 nominal with elongated pad for handsoldering. (Body size source: http://www.tortai-tech.com/upload/download/2011102023233369053.pdf), generated with kicad-footprint-generator")
    (tags "capacitor handsolder")
    (path /61E0EB93)
    (attr smd)
    (fp_text reference C1 (at 2.33172 -0.79756 90) (layer F.SilkS)
      (effects (font (size 0.8128 0.6096) (thickness 0.1524)))
    )
    (fp_text value C (at 0 1.43 90) (layer F.Fab)
      (effects (font (size 1 1) (thickness 0.15)))
    )
    (fp_line (start 1.65 0.73) (end -1.65 0.73) (layer F.CrtYd) (width 0.05))
    (fp_line (start 1.65 -0.73) (end 1.65 0.73) (layer F.CrtYd) (width 0.05))
    (fp_line (start -1.65 -0.73) (end 1.65 -0.73) (layer F.CrtYd) (width 0.05))
    (fp_line (start -1.65 0.73) (end -1.65 -0.73) (layer F.CrtYd) (width 0.05))
    (fp_line (start -0.171267 0.51) (end 0.171267 0.51) (layer F.SilkS) (width 0.12))
    (fp_line (start -0.171267 -0.51) (end 0.171267 -0.51) (layer F.SilkS) (width 0.12))
    (fp_line (start 0.8 0.4) (end -0.8 0.4) (layer F.Fab) (width 0.1))
    (fp_line (start 0.8 -0.4) (end 0.8 0.4) (layer F.Fab) (width 0.1))
    (fp_line (start -0.8 -0.4) (end 0.8 -0.4) (layer F.Fab) (width 0.1))
    (fp_line (start -0.8 0.4) (end -0.8 -0.4) (layer F.Fab) (width 0.1))
    (fp_text user %R (at 0 0 90) (layer F.Fab)
      (effects (font (size 0.4 0.4) (thickness 0.06)))
    )
    (pad 1 smd roundrect (at -0.875 0 90) (size 1.05 0.95) (layers F.Cu F.Paste F.Mask) (roundrect_rratio 0.25)
      (net 50 /LPTIM1_IN2))
    (pad 2 smd roundrect (at 0.875 0 90) (size 1.05 0.95) (layers F.Cu F.Paste F.Mask) (roundrect_rratio 0.25)
      (net 1 GND))
    (model "${KIPRJMOD}/../FootPrints/3DModels/CapacitorsSMD/Ceramic CAP0603.stp"
      (at (xyz 0 0 0))
      (scale (xyz 1 1 1))
      (rotate (xyz 0 0 0))
    )
  )

  (module Encoder:HRO_TYPE-C-31-M-12 (layer F.Cu) (tedit 6079DC06) (tstamp 61ECDD67)
    (at 136.271 148.4978)
    (path /5F11DB77/61DEB68B)
    (fp_text reference P1 (at -0.127 0.143) (layer F.SilkS)
      (effects (font (size 0.8128 0.6096) (thickness 0.1524)))
    )
    (fp_text value TYPE-C-31-M-12 (at 6.43 4.135) (layer F.Fab)
      (effects (font (size 1 1) (thickness 0.015)))
    )
    (fp_line (start -4.47 2.6) (end 4.47 2.6) (layer F.Fab) (width 0.127))
    (fp_line (start 4.47 2.6) (end 4.47 -4.7) (layer F.Fab) (width 0.127))
    (fp_line (start 4.47 -4.7) (end -4.47 -4.7) (layer F.Fab) (width 0.127))
    (fp_line (start -4.47 -4.7) (end -4.47 2.6) (layer F.Fab) (width 0.127))
    (fp_line (start -4.47 -2.81) (end -4.47 -1.37) (layer F.SilkS) (width 0.127))
    (fp_line (start 4.47 -2.81) (end 4.47 -1.37) (layer F.SilkS) (width 0.127))
    (fp_line (start 4.47 1.37) (end 4.47 2.6) (layer F.SilkS) (width 0.127))
    (fp_line (start 4.47 2.6) (end -4.47 2.6) (layer F.SilkS) (width 0.127))
    (fp_line (start -4.47 2.6) (end -4.47 1.37) (layer F.SilkS) (width 0.127))
    (fp_line (start -5.095 2.85) (end 5.095 2.85) (layer F.CrtYd) (width 0.05))
    (fp_line (start 5.095 2.85) (end 5.095 -6.07) (layer F.CrtYd) (width 0.05))
    (fp_line (start 5.095 -6.07) (end -5.095 -6.07) (layer F.CrtYd) (width 0.05))
    (fp_line (start -5.095 -6.07) (end -5.095 2.85) (layer F.CrtYd) (width 0.05))
    (fp_circle (center -4.575 -6.4) (end -4.475 -6.4) (layer F.Fab) (width 0.2))
    (fp_circle (center -4.575 -6.4) (end -4.475 -6.4) (layer F.SilkS) (width 0.2))
    (pad None np_thru_hole circle (at 2.89 -3.65) (size 0.7 0.7) (drill 0.7) (layers *.Cu *.Mask))
    (pad None np_thru_hole circle (at -2.89 -3.65) (size 0.7 0.7) (drill 0.7) (layers *.Cu *.Mask))
    (pad S4 thru_hole oval (at 4.32 0) (size 1.05 2.1) (drill oval 0.65 1.25) (layers *.Cu *.Mask)
      (net 1 GND))
    (pad S3 thru_hole oval (at -4.32 0) (size 1.05 2.1) (drill oval 0.65 1.25) (layers *.Cu *.Mask)
      (net 1 GND))
    (pad S2 thru_hole oval (at 4.32 -4.18) (size 1.05 2.1) (drill oval 0.65 1.75) (layers *.Cu *.Mask)
      (net 1 GND))
    (pad S1 thru_hole oval (at -4.32 -4.18) (size 1.05 2.1) (drill oval 0.65 1.75) (layers *.Cu *.Mask)
      (net 1 GND))
    (pad B1A12 smd rect (at 3.25 -5.095) (size 0.6 1.45) (layers F.Cu F.Paste F.Mask)
      (net 1 GND))
    (pad B4A9 smd rect (at 2.45 -5.095) (size 0.6 1.45) (layers F.Cu F.Paste F.Mask)
      (net 13 VCC))
    (pad B5 smd rect (at 1.75 -5.095) (size 0.3 1.45) (layers F.Cu F.Paste F.Mask)
      (net 38 "Net-(P1-PadB5)"))
    (pad A8 smd rect (at 1.25 -5.095) (size 0.3 1.45) (layers F.Cu F.Paste F.Mask)
      (net 37 "Net-(P1-PadA8)"))
    (pad B6 smd rect (at 0.75 -5.095) (size 0.3 1.45) (layers F.Cu F.Paste F.Mask)
      (net 36 "Net-(P1-PadB6)"))
    (pad A7 smd rect (at 0.25 -5.095) (size 0.3 1.45) (layers F.Cu F.Paste F.Mask)
      (net 35 "Net-(P1-PadA7)"))
    (pad B8 smd rect (at -1.75 -5.095) (size 0.3 1.45) (layers F.Cu F.Paste F.Mask)
      (net 34 "Net-(P1-PadB8)"))
    (pad A5 smd rect (at -1.25 -5.095) (size 0.3 1.45) (layers F.Cu F.Paste F.Mask)
      (net 33 "Net-(P1-PadA5)"))
    (pad B7 smd rect (at -0.75 -5.095) (size 0.3 1.45) (layers F.Cu F.Paste F.Mask)
      (net 32 "Net-(P1-PadB7)"))
    (pad A6 smd rect (at -0.25 -5.095) (size 0.3 1.45) (layers F.Cu F.Paste F.Mask)
      (net 31 "Net-(P1-PadA6)"))
    (pad A4B9 smd rect (at -2.45 -5.095) (size 0.6 1.45) (layers F.Cu F.Paste F.Mask)
      (net 13 VCC))
    (pad A1B12 smd rect (at -3.25 -5.095) (size 0.6 1.45) (layers F.Cu F.Paste F.Mask)
      (net 1 GND))
    (model ${KIPRJMOD}/../FootPrints/3DModels/USB/TYPE-C-31-M-12.step
      (at (xyz 0 0 0))
      (scale (xyz 1 1 1))
      (rotate (xyz -90 0 0))
    )
  )

  (module Encoder:JST_EH_B4B-EH-A_1x04_P2.50mm_Vertical (layer F.Cu) (tedit 60137528) (tstamp 61E5F601)
    (at 128.40208 85.3694 180)
    (descr "JST EH series connector, B4B-EH-A (http://www.jst-mfg.com/product/pdf/eng/eEH.pdf), generated with kicad-footprint-generator")
    (tags "connector JST EH vertical")
    (path /6070198F)
    (fp_text reference J4 (at -3.51536 2.26568) (layer F.SilkS)
      (effects (font (size 0.8128 0.6096) (thickness 0.1524)))
    )
    (fp_text value Conn_01x04_Male (at 3.75 3.4) (layer F.Fab)
      (effects (font (size 1 1) (thickness 0.15)))
    )
    (fp_line (start -2.5 -1.6) (end -2.5 2.2) (layer F.Fab) (width 0.1))
    (fp_line (start -2.5 2.2) (end 10 2.2) (layer F.Fab) (width 0.1))
    (fp_line (start 10 2.2) (end 10 -1.6) (layer F.Fab) (width 0.1))
    (fp_line (start 10 -1.6) (end -2.5 -1.6) (layer F.Fab) (width 0.1))
    (fp_line (start -3 -2.1) (end -3 2.7) (layer F.CrtYd) (width 0.05))
    (fp_line (start -3 2.7) (end 10.5 2.7) (layer F.CrtYd) (width 0.05))
    (fp_line (start 10.5 2.7) (end 10.5 -2.1) (layer F.CrtYd) (width 0.05))
    (fp_line (start 10.5 -2.1) (end -3 -2.1) (layer F.CrtYd) (width 0.05))
    (fp_line (start -2.61 -1.71) (end -2.61 2.31) (layer F.SilkS) (width 0.12))
    (fp_line (start -2.61 2.31) (end 10.11 2.31) (layer F.SilkS) (width 0.12))
    (fp_line (start 10.11 2.31) (end 10.11 -1.71) (layer F.SilkS) (width 0.12))
    (fp_line (start 10.11 -1.71) (end -2.61 -1.71) (layer F.SilkS) (width 0.12))
    (fp_line (start -2.61 0) (end -2.11 0) (layer F.SilkS) (width 0.12))
    (fp_line (start -2.11 0) (end -2.11 -1.21) (layer F.SilkS) (width 0.12))
    (fp_line (start -2.11 -1.21) (end 9.61 -1.21) (layer F.SilkS) (width 0.12))
    (fp_line (start 9.61 -1.21) (end 9.61 0) (layer F.SilkS) (width 0.12))
    (fp_line (start 9.61 0) (end 10.11 0) (layer F.SilkS) (width 0.12))
    (fp_line (start -2.61 0.81) (end -1.61 0.81) (layer F.SilkS) (width 0.12))
    (fp_line (start -1.61 0.81) (end -1.61 2.31) (layer F.SilkS) (width 0.12))
    (fp_line (start 10.11 0.81) (end 9.11 0.81) (layer F.SilkS) (width 0.12))
    (fp_line (start 9.11 0.81) (end 9.11 2.31) (layer F.SilkS) (width 0.12))
    (fp_line (start -2.91 0.11) (end -2.91 2.61) (layer F.SilkS) (width 0.12))
    (fp_line (start -2.91 2.61) (end -0.41 2.61) (layer F.SilkS) (width 0.12))
    (fp_line (start -2.91 0.11) (end -2.91 2.61) (layer F.Fab) (width 0.1))
    (fp_line (start -2.91 2.61) (end -0.41 2.61) (layer F.Fab) (width 0.1))
    (fp_text user %R (at 3.75 1.5) (layer F.Fab)
      (effects (font (size 1 1) (thickness 0.15)))
    )
    (pad 1 thru_hole roundrect (at 0 0 180) (size 1.7 1.95) (drill 0.95) (layers *.Cu *.Mask) (roundrect_rratio 0.147059)
      (net 2 +3V3))
    (pad 2 thru_hole oval (at 2.5 0 180) (size 1.7 1.95) (drill 0.95) (layers *.Cu *.Mask)
      (net 11 /BLERX))
    (pad 3 thru_hole oval (at 5 0 180) (size 1.7 1.95) (drill 0.95) (layers *.Cu *.Mask)
      (net 12 /BLETX))
    (pad 4 thru_hole oval (at 7.5 0 180) (size 1.7 1.95) (drill 0.95) (layers *.Cu *.Mask)
      (net 1 GND))
    (model ${KIPRJMOD}/../FootPrints/3DModels/JST/JST_EH_B4B-EH-A_1x04_P2.50mm_Vertical.step
      (at (xyz 0 0 0))
      (scale (xyz 1 1 1))
      (rotate (xyz 0 0 0))
    )
  )

  (module Encoder:JST_EH_B6B-EH-A_1x06_P2.50mm_Vertical (layer F.Cu) (tedit 5C28142C) (tstamp 61E616D8)
    (at 120.2817 91.3638 270)
    (descr "JST EH series connector, B6B-EH-A (http://www.jst-mfg.com/product/pdf/eng/eEH.pdf), generated with kicad-footprint-generator")
    (tags "connector JST EH vertical")
    (path /5FFDB180)
    (fp_text reference J6 (at -2.54 -2.667 90) (layer F.SilkS)
      (effects (font (size 0.8128 0.6096) (thickness 0.1524)))
    )
    (fp_text value Conn_01x06_Male (at 6.25 3.4 90) (layer F.Fab)
      (effects (font (size 1 1) (thickness 0.15)))
    )
    (fp_line (start -2.5 -1.6) (end -2.5 2.2) (layer F.Fab) (width 0.1))
    (fp_line (start -2.5 2.2) (end 15 2.2) (layer F.Fab) (width 0.1))
    (fp_line (start 15 2.2) (end 15 -1.6) (layer F.Fab) (width 0.1))
    (fp_line (start 15 -1.6) (end -2.5 -1.6) (layer F.Fab) (width 0.1))
    (fp_line (start -3 -2.1) (end -3 2.7) (layer F.CrtYd) (width 0.05))
    (fp_line (start -3 2.7) (end 15.5 2.7) (layer F.CrtYd) (width 0.05))
    (fp_line (start 15.5 2.7) (end 15.5 -2.1) (layer F.CrtYd) (width 0.05))
    (fp_line (start 15.5 -2.1) (end -3 -2.1) (layer F.CrtYd) (width 0.05))
    (fp_line (start -2.61 -1.71) (end -2.61 2.31) (layer F.SilkS) (width 0.12))
    (fp_line (start -2.61 2.31) (end 15.11 2.31) (layer F.SilkS) (width 0.12))
    (fp_line (start 15.11 2.31) (end 15.11 -1.71) (layer F.SilkS) (width 0.12))
    (fp_line (start 15.11 -1.71) (end -2.61 -1.71) (layer F.SilkS) (width 0.12))
    (fp_line (start -2.61 0) (end -2.11 0) (layer F.SilkS) (width 0.12))
    (fp_line (start -2.11 0) (end -2.11 -1.21) (layer F.SilkS) (width 0.12))
    (fp_line (start -2.11 -1.21) (end 14.61 -1.21) (layer F.SilkS) (width 0.12))
    (fp_line (start 14.61 -1.21) (end 14.61 0) (layer F.SilkS) (width 0.12))
    (fp_line (start 14.61 0) (end 15.11 0) (layer F.SilkS) (width 0.12))
    (fp_line (start -2.61 0.81) (end -1.61 0.81) (layer F.SilkS) (width 0.12))
    (fp_line (start -1.61 0.81) (end -1.61 2.31) (layer F.SilkS) (width 0.12))
    (fp_line (start 15.11 0.81) (end 14.11 0.81) (layer F.SilkS) (width 0.12))
    (fp_line (start 14.11 0.81) (end 14.11 2.31) (layer F.SilkS) (width 0.12))
    (fp_line (start -2.91 0.11) (end -2.91 2.61) (layer F.SilkS) (width 0.12))
    (fp_line (start -2.91 2.61) (end -0.41 2.61) (layer F.SilkS) (width 0.12))
    (fp_line (start -2.91 0.11) (end -2.91 2.61) (layer F.Fab) (width 0.1))
    (fp_line (start -2.91 2.61) (end -0.41 2.61) (layer F.Fab) (width 0.1))
    (fp_text user %R (at 6.25 1.5 90) (layer F.Fab)
      (effects (font (size 1 1) (thickness 0.15)))
    )
    (pad 1 thru_hole roundrect (at 0 0 270) (size 1.7 1.95) (drill 0.95) (layers *.Cu *.Mask) (roundrect_rratio 0.147059)
      (net 2 +3V3))
    (pad 2 thru_hole oval (at 2.5 0 270) (size 1.7 1.95) (drill 0.95) (layers *.Cu *.Mask)
      (net 1 GND))
    (pad 3 thru_hole oval (at 5 0 270) (size 1.7 1.95) (drill 0.95) (layers *.Cu *.Mask)
      (net 46 /Sens_SPINSS))
    (pad 4 thru_hole oval (at 7.5 0 270) (size 1.7 1.95) (drill 0.95) (layers *.Cu *.Mask)
      (net 47 /Sens_SPISCK))
    (pad 5 thru_hole oval (at 10 0 270) (size 1.7 1.95) (drill 0.95) (layers *.Cu *.Mask)
      (net 48 /Sens_SPIMISO))
    (pad 6 thru_hole oval (at 12.5 0 270) (size 1.7 1.95) (drill 0.95) (layers *.Cu *.Mask)
      (net 49 /Sens_SPIMOSI))
    (model ${KISYS3DMOD}/Connector_JST.3dshapes/JST_EH_B6B-EH-A_1x06_P2.50mm_Vertical.wrl
      (at (xyz 0 0 0))
      (scale (xyz 1 1 1))
      (rotate (xyz 0 0 0))
    )
  )

  (module Encoder:JST_EH_B2B-EH-A_1x02_P2.50mm_Vertical (layer F.Cu) (tedit 5C28142C) (tstamp 61E12947)
    (at 127.4445 125.2728 90)
    (descr "JST EH series connector, B2B-EH-A (http://www.jst-mfg.com/product/pdf/eng/eEH.pdf), generated with kicad-footprint-generator")
    (tags "connector JST EH vertical")
    (path /5F11DB77/5F03A757)
    (fp_text reference J8 (at -3.556 0 90) (layer F.SilkS)
      (effects (font (size 0.8128 0.6096) (thickness 0.1524)))
    )
    (fp_text value Conn_01x02_Male (at 1.25 3.4 90) (layer F.Fab)
      (effects (font (size 1 1) (thickness 0.15)))
    )
    (fp_line (start -2.91 2.61) (end -0.41 2.61) (layer F.Fab) (width 0.1))
    (fp_line (start -2.91 0.11) (end -2.91 2.61) (layer F.Fab) (width 0.1))
    (fp_line (start -2.91 2.61) (end -0.41 2.61) (layer F.SilkS) (width 0.12))
    (fp_line (start -2.91 0.11) (end -2.91 2.61) (layer F.SilkS) (width 0.12))
    (fp_line (start 4.11 0.81) (end 4.11 2.31) (layer F.SilkS) (width 0.12))
    (fp_line (start 5.11 0.81) (end 4.11 0.81) (layer F.SilkS) (width 0.12))
    (fp_line (start -1.61 0.81) (end -1.61 2.31) (layer F.SilkS) (width 0.12))
    (fp_line (start -2.61 0.81) (end -1.61 0.81) (layer F.SilkS) (width 0.12))
    (fp_line (start 4.61 0) (end 5.11 0) (layer F.SilkS) (width 0.12))
    (fp_line (start 4.61 -1.21) (end 4.61 0) (layer F.SilkS) (width 0.12))
    (fp_line (start -2.11 -1.21) (end 4.61 -1.21) (layer F.SilkS) (width 0.12))
    (fp_line (start -2.11 0) (end -2.11 -1.21) (layer F.SilkS) (width 0.12))
    (fp_line (start -2.61 0) (end -2.11 0) (layer F.SilkS) (width 0.12))
    (fp_line (start 5.11 -1.71) (end -2.61 -1.71) (layer F.SilkS) (width 0.12))
    (fp_line (start 5.11 2.31) (end 5.11 -1.71) (layer F.SilkS) (width 0.12))
    (fp_line (start -2.61 2.31) (end 5.11 2.31) (layer F.SilkS) (width 0.12))
    (fp_line (start -2.61 -1.71) (end -2.61 2.31) (layer F.SilkS) (width 0.12))
    (fp_line (start 5.5 -2.1) (end -3 -2.1) (layer F.CrtYd) (width 0.05))
    (fp_line (start 5.5 2.7) (end 5.5 -2.1) (layer F.CrtYd) (width 0.05))
    (fp_line (start -3 2.7) (end 5.5 2.7) (layer F.CrtYd) (width 0.05))
    (fp_line (start -3 -2.1) (end -3 2.7) (layer F.CrtYd) (width 0.05))
    (fp_line (start 5 -1.6) (end -2.5 -1.6) (layer F.Fab) (width 0.1))
    (fp_line (start 5 2.2) (end 5 -1.6) (layer F.Fab) (width 0.1))
    (fp_line (start -2.5 2.2) (end 5 2.2) (layer F.Fab) (width 0.1))
    (fp_line (start -2.5 -1.6) (end -2.5 2.2) (layer F.Fab) (width 0.1))
    (fp_text user %R (at 1.25 1.5 90) (layer F.Fab)
      (effects (font (size 1 1) (thickness 0.15)))
    )
    (pad 2 thru_hole oval (at 2.5 0 90) (size 1.7 2) (drill 1) (layers *.Cu *.Mask)
      (net 8 Batt+))
    (pad 1 thru_hole roundrect (at 0 0 90) (size 1.7 2) (drill 1) (layers *.Cu *.Mask) (roundrect_rratio 0.147059)
      (net 7 Batt-))
    (model ${KISYS3DMOD}/Connector_JST.3dshapes/JST_EH_B2B-EH-A_1x02_P2.50mm_Vertical.wrl
      (at (xyz 0 0 0))
      (scale (xyz 1 1 1))
      (rotate (xyz 0 0 0))
    )
  )

  (module Encoder:R_0603_1608Metric_Pad1.05x0.95mm_HandSolder (layer F.Cu) (tedit 5F04D2AE) (tstamp 60708508)
    (at 138.9 138.3538)
    (descr "Resistor SMD 0603 (1608 Metric), square (rectangular) end terminal, IPC_7351 nominal with elongated pad for handsoldering. (Body size source: http://www.tortai-tech.com/upload/download/2011102023233369053.pdf), generated with kicad-footprint-generator")
    (tags "resistor handsolder")
    (path /5F11DB77/60100186)
    (attr smd)
    (fp_text reference R10 (at -2.756 0.127) (layer F.SilkS)
      (effects (font (size 0.8128 0.6096) (thickness 0.1524)))
    )
    (fp_text value 5.1k (at 0 1.43) (layer F.Fab)
      (effects (font (size 1 1) (thickness 0.15)))
    )
    (fp_line (start 1.65 0.73) (end -1.65 0.73) (layer F.CrtYd) (width 0.05))
    (fp_line (start 1.65 -0.73) (end 1.65 0.73) (layer F.CrtYd) (width 0.05))
    (fp_line (start -1.65 -0.73) (end 1.65 -0.73) (layer F.CrtYd) (width 0.05))
    (fp_line (start -1.65 0.73) (end -1.65 -0.73) (layer F.CrtYd) (width 0.05))
    (fp_line (start -0.171267 0.51) (end 0.171267 0.51) (layer F.SilkS) (width 0.12))
    (fp_line (start -0.171267 -0.51) (end 0.171267 -0.51) (layer F.SilkS) (width 0.12))
    (fp_line (start 0.8 0.4) (end -0.8 0.4) (layer F.Fab) (width 0.1))
    (fp_line (start 0.8 -0.4) (end 0.8 0.4) (layer F.Fab) (width 0.1))
    (fp_line (start -0.8 -0.4) (end 0.8 -0.4) (layer F.Fab) (width 0.1))
    (fp_line (start -0.8 0.4) (end -0.8 -0.4) (layer F.Fab) (width 0.1))
    (fp_text user %R (at 0 0) (layer F.Fab)
      (effects (font (size 0.4 0.4) (thickness 0.06)))
    )
    (pad 2 smd roundrect (at 0.875 0) (size 1.05 0.95) (layers F.Cu F.Paste F.Mask) (roundrect_rratio 0.25)
      (net 1 GND))
    (pad 1 smd roundrect (at -0.875 0) (size 1.05 0.95) (layers F.Cu F.Paste F.Mask) (roundrect_rratio 0.25)
      (net 33 "Net-(P1-PadA5)"))
    (model "${KIPRJMOD}/../FootPrints/3DModels/ResistanceSMD/User Library-D0603.step"
      (at (xyz 0 0 0))
      (scale (xyz 1 1 1))
      (rotate (xyz -90 0 0))
    )
  )

  (module Encoder:R_0603_1608Metric_Pad1.05x0.95mm_HandSolder (layer F.Cu) (tedit 5F04D2AE) (tstamp 60708604)
    (at 138.9 140.0048)
    (descr "Resistor SMD 0603 (1608 Metric), square (rectangular) end terminal, IPC_7351 nominal with elongated pad for handsoldering. (Body size source: http://www.tortai-tech.com/upload/download/2011102023233369053.pdf), generated with kicad-footprint-generator")
    (tags "resistor handsolder")
    (path /5F11DB77/6010B29F)
    (attr smd)
    (fp_text reference R11 (at -2.756 0.127) (layer F.SilkS)
      (effects (font (size 0.8128 0.6096) (thickness 0.1524)))
    )
    (fp_text value 5.1K (at 0 1.43) (layer F.Fab)
      (effects (font (size 1 1) (thickness 0.15)))
    )
    (fp_line (start 1.65 0.73) (end -1.65 0.73) (layer F.CrtYd) (width 0.05))
    (fp_line (start 1.65 -0.73) (end 1.65 0.73) (layer F.CrtYd) (width 0.05))
    (fp_line (start -1.65 -0.73) (end 1.65 -0.73) (layer F.CrtYd) (width 0.05))
    (fp_line (start -1.65 0.73) (end -1.65 -0.73) (layer F.CrtYd) (width 0.05))
    (fp_line (start -0.171267 0.51) (end 0.171267 0.51) (layer F.SilkS) (width 0.12))
    (fp_line (start -0.171267 -0.51) (end 0.171267 -0.51) (layer F.SilkS) (width 0.12))
    (fp_line (start 0.8 0.4) (end -0.8 0.4) (layer F.Fab) (width 0.1))
    (fp_line (start 0.8 -0.4) (end 0.8 0.4) (layer F.Fab) (width 0.1))
    (fp_line (start -0.8 -0.4) (end 0.8 -0.4) (layer F.Fab) (width 0.1))
    (fp_line (start -0.8 0.4) (end -0.8 -0.4) (layer F.Fab) (width 0.1))
    (fp_text user %R (at 0 0) (layer F.Fab)
      (effects (font (size 0.4 0.4) (thickness 0.06)))
    )
    (pad 2 smd roundrect (at 0.875 0) (size 1.05 0.95) (layers F.Cu F.Paste F.Mask) (roundrect_rratio 0.25)
      (net 1 GND))
    (pad 1 smd roundrect (at -0.875 0) (size 1.05 0.95) (layers F.Cu F.Paste F.Mask) (roundrect_rratio 0.25)
      (net 38 "Net-(P1-PadB5)"))
    (model "${KIPRJMOD}/../FootPrints/3DModels/ResistanceSMD/User Library-D0603.step"
      (at (xyz 0 0 0))
      (scale (xyz 1 1 1))
      (rotate (xyz -90 0 0))
    )
  )

